33 28 5 2 24 26 2 118 4 20 4 0 57 1 45 21 13 141 550 21 27 1 6 3 
19 24 2 0 15 38 0 110 1 37 14 3 27 6 91 94 17 94 434 30 13 1 9 4 
28 32 14 1 33 55 0 78 5 38 23 1 32 3 47 150 229 75 171 25 31 5 18 0 
69 133 9 3 61 141 0 93 7 39 37 5 47 13 40 98 26 104 74 76 39 11 19 1229 
96 114 8 3 96 90 6 83 0 6 46 0 31 1 6 90 17 81 18 63 63 14 32 5 
54 109 7 3 123 133 7 82 6 18 51 2 20 2 13 228 28 86 16 45 44 27 33 0 
27 96 8 5 158 216 2 62 5 22 10 1 14 2 1 71 9 96 29 61 26 6 15 1 
25 88 10 3 141 134 2 85 9 26 22 2 13 0 7 184 9 61 18 49 19 10 15 4 
126 132 5 0 133 107 8 101 3 26 34 4 42 4 15 93 5 155 29 49 47 11 17 5 
239 98 7 2 118 117 3 96 2 15 19 1 21 1 10 43 11 27 14 66 30 11 22 1 
233 101 7 0 102 67 3 106 0 16 11 1 19 0 4 40 24 28 16 64 41 9 16 122 
234 132 3 0 159 81 4 103 3 9 9 0 50 2 4 24 5 24 5 73 35 7 18 0 
115 74 2 1 80 112 0 143 5 78 3 1 182 2 7 23 5 46 11 52 26 7 9 0 
73 51 1 0 46 67 2 272 5 286 7 2 88 1 1 26 5 53 25 48 20 2 13 3 
106 86 4 4 44 103 1 204 7 19 9 2 75 0 6 72 10 66 22 89 32 1 24 0 
106 68 9 1 59 84 2 353 9 50 10 1 83 1 5 89 5 60 22 62 17 5 21 2 
52 66 0 0 47 47 0 361 31 39 12 3 91 2 7 64 5 71 18 155 16 2 10 0 
31 61 2 0 33 34 2 279 10 62 6 4 144 0 3 25 5 78 40 142 13 2 7 0 